0,0,0,0,0,0
0.5,4.6224e-07,0.5,-1.0967e-07,0.5,2.2668e-09
1,4.566e-07,1,-2.1005e-07,1,4.4482e-09
1.5,4.5231e-07,1.5,-3.2098e-07,1.5,6.6038e-09
2,4.4884e-07,2,-1.7136e-07,2,8.7338e-09
2.5,4.4636e-07,2.5,-3.5109e-07,2.5,1.0838e-08
3,9.8941e-07,3,-3.343e-07,3,1.2917e-08
3.5,9.8753e-07,3.5,-3.39e-07,3.5,1.4969e-08
4,9.8611e-07,4,-3.4965e-07,4,1.6996e-08
4.5,1.9563e-06,4.5,-3.6008e-07,4.5,1.8998e-08
5,9.1123e-07,5,-3.2114e-07,5,2.0974e-08
5.5,9.1314e-07,5.5,-3.8035e-07,5.5,2.2924e-08
6,1.8108e-06,6,-3.903e-07,6,2.4848e-08
6.5,1.8107e-06,6.5,9.728e-08,6.5,2.6746e-08
7,1.8116e-06,7,5.569e-08,7,2.8619e-08
7.5,1.8136e-06,7.5,4.8908e-08,7.5,3.0466e-08
8,1.8166e-06,8,4.2391e-08,8,3.2287e-08
8.5,1.8206e-06,8.5,3.595e-08,8.5,3.4083e-08
9,1.8257e-06,9,2.9904e-08,9,3.5853e-08
9.5,1.8318e-06,9.5,5.4337e-07,9.5,3.7597e-08
10,1.8389e-06,10,-1.0029e-06,10,3.9316e-08
10,0.5,10,0.5,10,0.5
10,1,10,1,10,1
10,1.5,10,1.5,10,1.5
10,2,10,2,10,2
10,2.5,10,2.5,10,2.5
10,3,10,3,10,3
10,3.5,10,3.5,10,3.5
10,4,10,4,10,4
10,4.5,10,4.5,10,4.5
10,5,10,5,10,5
10,5.5,10,5.5,10,5.5
10,6,10,6,10,6
10,6.5,10,6.5,10,6.5
10,7,10,7,10,7
10,7.5,10,7.5,10,7.5
10,8,10,8,10,8
10,8.5,10,8.5,10,8.5
10,9,10,9,10,9
10,9.5,10,9.5,10,9.5
10,10,10,10,10,10
10,10,10,10,10,10
10,9.5,10,9.5,10,9.5
10,9,10,9,10,9
10,8.5,10,8.5,10,8.5
10,8,10,8,10,8
10,7.5,10,7.5,10,7.5
10,7,10,7,10,7
10,6.5,10,6.5,10,6.5
10,6,10,6,10,6
10,5.5,10,5.5,10,5.5
10,5,10,5,10,5
10,4.5,10,4.5,10,4.5
10,4,10,4,10,4
10,3.5,10,3.5,10,3.5
10,3,10,3,10,3
10,2.5,10,2.5,10,2.5
10,2,10,2,10,2
10,1.5,10,1.5,10,1.5
10,1,10,1,10,1
10,0.5,10,0.5,10,0.5
10,1.839e-06,10,4.8158e-08,10,3.9277e-08
10,-0.5,10,-0.5,10,-0.5
10,-1,10,-1,10,-1
10,-1.5,10,-1.5,10,-1.5
10,-2,10,-2,10,-2
10,-2.5,10,-2.5,10,-2.5
10,-3,10,-3,10,-3
10,-3.5,10,-3.5,10,-3.5
10,-4,10,-4,10,-4
10,-4.5,10,-4.5,10,-4.5
10,-5,10,-5,10,-5
10,-5.5,10,-5.5,10,-5.5
10,-6,10,-6,10,-6
10,-6.5,10,-6.5,10,-6.5
10,-7,10,-7,10,-7
10,-7.5,10,-7.5,10,-7.5
10,-8,10,-8,10,-8
10,-8.5,10,-8.5,10,-8.5
10,-9,10,-9,10,-9
10,-9.5,10,-9.5,10,-9.5
10,-10,10,-10,10,-10
10,-10,10,-10,10,-10
9.5,-10,9.5,-10,9.5,-10
9,-10,9,-10,9,-10
8.5,-10,8.5,-10,8.5,-10
8,-10,8,-10,8,-10
7.5,-10,7.5,-10,7.5,-10
7,-10,7,-10,7,-10
6.5,-10,6.5,-10,6.5,-10
6,-10,6,-10,6,-10
5.5,-10,5.5,-10,5.5,-10
5,-10,5,-10,5,-10
4.5,-10,4.5,-10,4.5,-10
4,-10,4,-10,4,-10
3.5,-10,3.5,-10,3.5,-10
3,-10,3,-10,3,-10
2.5,-10,2.5,-10,2.5,-10
2,-10,2,-10,2,-10
1.5,-10,1.5,-10,1.5,-10
1,-10,1,-10,1,-10
0.5,-10,0.5,-10,0.5,-10
-4.952e-07,-10,2.7197e-07,-10,3.0068e-08,-10
-0.5,-10,-0.5,-10,-0.5,-10
-1,-10,-1,-10,-1,-10
-1.5,-10,-1.5,-10,-1.5,-10
-2,-10,-2,-10,-2,-10
-2.5,-10,-2.5,-10,-2.5,-10
-3,-10,-3,-10,-3,-10
-3.5,-10,-3.5,-10,-3.5,-10
-4,-10,-4,-10,-4,-10
-4.5,-10,-4.5,-10,-4.5,-10
-5,-10,-5,-10,-5,-10
-5.5,-10,-5.5,-10,-5.5,-10
-6,-10,-6,-10,-6,-10
-6.5,-10,-6.5,-10,-6.5,-10
-7,-10,-7,-10,-7,-10
-7.5,-10,-7.5,-10,-7.5,-10
-8,-10,-8,-10,-8,-10
-8.5,-10,-8.5,-10,-8.5,-10
-9,-10,-9,-10,-9,-10
-9.5,-10,-9.5,-10,-9.5,-10
-10,-10,-10,-10,-10,-10
-10,-10,-10,-10,-10,-10
-10,-9.5,-10,-9.5,-10,-9.5
-10,-9,-10,-9,-10,-9
-10,-8.5,-10,-8.5,-10,-8.5
-10,-8,-10,-8,-10,-8
-10,-7.5,-10,-7.5,-10,-7.5
-10,-7,-10,-7,-10,-7
-10,-6.5,-10,-6.5,-10,-6.5
-10,-6,-10,-6,-10,-6
-10,-5.5,-10,-5.5,-10,-5.5
-10,-5,-10,-5,-10,-5
-10,-4.5,-10,-4.5,-10,-4.5
-10,-4,-10,-4,-10,-4
-10,-3.5,-10,-3.5,-10,-3.5
-10,-3,-10,-3,-10,-3
-10,-2.5,-10,-2.5,-10,-2.5
-10,-2,-10,-2,-10,-2
-10,-1.5,-10,-1.5,-10,-1.5
-10,-1,-10,-1,-10,-1
-10,-0.5,-10,-0.5,-10,-0.5
-10,4.4872e-07,-10,2.5471e-07,-10,-4.9541e-08
-10,0.5,-10,0.5,-10,0.5
-10,1,-10,1,-10,1
-10,1.5,-10,1.5,-10,1.5
-10,2,-10,2,-10,2
-10,2.5,-10,2.5,-10,2.5
-10,3,-10,3,-10,3
-10,3.5,-10,3.5,-10,3.5
-10,4,-10,4,-10,4
-10,4.5,-10,4.5,-10,4.5
-10,5,-10,5,-10,5
-10,5.5,-10,5.5,-10,5.5
-10,6,-10,6,-10,6
-10,6.5,-10,6.5,-10,6.5
-10,7,-10,7,-10,7
-10,7.5,-10,7.5,-10,7.5
-10,8,-10,8,-10,8
-10,8.5,-10,8.5,-10,8.5
-10,9,-10,9,-10,9
-10,9.5,-10,9.5,-10,9.5
-10,10,-10,10,-10,10
-10,10,-10,10,-10,10
-9.5,10,-9.5,10,-9.5,10
-9,10,-9,10,-9,10
-8.5,10,-8.5,10,-8.5,10
-8,10,-8,10,-8,10
-7.5,10,-7.5,10,-7.5,10
-7,10,-7,10,-7,10
-6.5,10,-6.5,10,-6.5,10
-6,10,-6,10,-6,10
-5.5,10,-5.5,10,-5.5,10
-5,10,-5,10,-5,10
-4.5,10,-4.5,10,-4.5,10
-4,10,-4,10,-4,10
-3.5,10,-3.5,10,-3.5,10
-3,10,-3,10,-3,10
-2.5,10,-2.5,10,-2.5,10
-2,10,-2,10,-2,10
-1.5,10,-1.5,10,-1.5,10
-1,10,-1,10,-1,10
-0.5,10,-0.5,10,-0.5,10
-9.9242e-07,10,-3.232e-07,10,-3.1083e-08,10
0.5,10,0.5,10,0.5,10
1,10,1,10,1,10
1.5,10,1.5,10,1.5,10
2,10,2,10,2,10
2.5,10,2.5,10,2.5,10
3,10,3,10,3,10
3.5,10,3.5,10,3.5,10
4,10,4,10,4,10
4.5,10,4.5,10,4.5,10
5,10,5,10,5,10
5.5,10,5.5,10,5.5,10
6,10,6,10,6,10
6.5,10,6.5,10,6.5,10
7,10,7,10,7,10
7.5,10,7.5,10,7.5,10
8,10,8,10,8,10
8.5,10,8.5,10,8.5,10
9,10,9,10,9,10
9.5,10,9.5,10,9.5,10
10,10,10,10,10,10
